{
 "cells": [
  {
   "cell_type": "markdown",
   "id": "11d757db",
   "metadata": {},
   "source": [
    "### Question 00\n",
    "import necessary libraries in the box below"
   ]
  },
  {
   "cell_type": "code",
   "execution_count": null,
   "id": "3a362452",
   "metadata": {},
   "outputs": [],
   "source": [
    "import ___ as ___"
   ]
  },
  {
   "cell_type": "markdown",
   "id": "d8b85575",
   "metadata": {},
   "source": [
    "### Question 01\n",
    "Create a NumPy array from [1,2,3, ..., 12]."
   ]
  },
  {
   "cell_type": "code",
   "execution_count": 5,
   "id": "90bf2a91",
   "metadata": {},
   "outputs": [
    {
     "data": {
      "text/plain": [
       "array([ 1,  2,  3,  4,  5,  6,  7,  8,  9, 10, 11, 12])"
      ]
     },
     "execution_count": 5,
     "metadata": {},
     "output_type": "execute_result"
    }
   ],
   "source": [
    "import numpy as np\n",
    "array_01 = np.arange(1,13)\n",
    "array_01"
   ]
  },
  {
   "cell_type": "markdown",
   "id": "e1b8246a",
   "metadata": {},
   "source": [
    "### Question 02\n",
    "Print the type of array array_01"
   ]
  },
  {
   "cell_type": "code",
   "execution_count": 9,
   "id": "881a813f",
   "metadata": {},
   "outputs": [
    {
     "name": "stdout",
     "output_type": "stream",
     "text": [
      "int64\n"
     ]
    }
   ],
   "source": [
    "print((array_01).dtype)"
   ]
  },
  {
   "cell_type": "markdown",
   "id": "310b743a",
   "metadata": {},
   "source": [
    "### Question 03\n",
    "Reshape array_01 into 3 x 4 matrix."
   ]
  },
  {
   "cell_type": "code",
   "execution_count": 10,
   "id": "4b679280",
   "metadata": {},
   "outputs": [
    {
     "data": {
      "text/plain": [
       "array([[ 1,  2,  3,  4],\n",
       "       [ 5,  6,  7,  8],\n",
       "       [ 9, 10, 11, 12]])"
      ]
     },
     "execution_count": 10,
     "metadata": {},
     "output_type": "execute_result"
    }
   ],
   "source": [
    "array_03 = array_01.reshape(3,4)\n",
    "array_03"
   ]
  },
  {
   "cell_type": "markdown",
   "id": "e2cd246a",
   "metadata": {},
   "source": [
    "### Question 04\n",
    "Get the length of the array_03."
   ]
  },
  {
   "cell_type": "code",
   "execution_count": 12,
   "id": "1e1fe852",
   "metadata": {},
   "outputs": [
    {
     "name": "stdout",
     "output_type": "stream",
     "text": [
      "12\n"
     ]
    }
   ],
   "source": [
    "print(array_03.size)"
   ]
  },
  {
   "cell_type": "markdown",
   "id": "27638d53",
   "metadata": {},
   "source": [
    "### Question 05\n",
    "Print the second element of the second row in array_03."
   ]
  },
  {
   "cell_type": "code",
   "execution_count": 13,
   "id": "2c74f784",
   "metadata": {},
   "outputs": [
    {
     "name": "stdout",
     "output_type": "stream",
     "text": [
      "11\n"
     ]
    }
   ],
   "source": [
    "print(array_03[2,2])"
   ]
  },
  {
   "cell_type": "markdown",
   "id": "5b79af29",
   "metadata": {},
   "source": [
    "### Question 06\n",
    "Multiply all elements of array_03 by 2."
   ]
  },
  {
   "cell_type": "code",
   "execution_count": 14,
   "id": "50fd8771",
   "metadata": {},
   "outputs": [
    {
     "data": {
      "text/plain": [
       "array([[ 2,  4,  6,  8],\n",
       "       [10, 12, 14, 16],\n",
       "       [18, 20, 22, 24]])"
      ]
     },
     "execution_count": 14,
     "metadata": {},
     "output_type": "execute_result"
    }
   ],
   "source": [
    "array_06 =array_03*2\n",
    "array_06"
   ]
  },
  {
   "cell_type": "markdown",
   "id": "4a6b7cf1",
   "metadata": {},
   "source": [
    "### Question 07\n",
    "Add 5 to all elements of array_06."
   ]
  },
  {
   "cell_type": "code",
   "execution_count": 15,
   "id": "f23b26ae",
   "metadata": {},
   "outputs": [
    {
     "name": "stdout",
     "output_type": "stream",
     "text": [
      "[[ 7  9 11 13]\n",
      " [15 17 19 21]\n",
      " [23 25 27 29]]\n"
     ]
    }
   ],
   "source": [
    "print(array_06 +5)"
   ]
  },
  {
   "cell_type": "markdown",
   "id": "04d936da",
   "metadata": {},
   "source": [
    "### Question 07\n",
    "Create an array of 18 zeros."
   ]
  },
  {
   "cell_type": "code",
   "execution_count": 16,
   "id": "a869fb12",
   "metadata": {},
   "outputs": [
    {
     "data": {
      "text/plain": [
       "array([0., 0., 0., 0., 0., 0., 0., 0., 0., 0., 0., 0., 0., 0., 0., 0., 0.,\n",
       "       0.])"
      ]
     },
     "execution_count": 16,
     "metadata": {},
     "output_type": "execute_result"
    }
   ],
   "source": [
    "array_07 = np.zeros(18)\n",
    "array_07"
   ]
  },
  {
   "cell_type": "markdown",
   "id": "61d7a5b5",
   "metadata": {},
   "source": [
    "### Question 08\n",
    "Create an array of 20 fours."
   ]
  },
  {
   "cell_type": "code",
   "execution_count": 18,
   "id": "6dca1442",
   "metadata": {},
   "outputs": [
    {
     "data": {
      "text/plain": [
       "array([4., 4., 4., 4., 4., 4., 4., 4., 4., 4., 4., 4., 4., 4., 4., 4., 4.,\n",
       "       4., 4., 4.])"
      ]
     },
     "execution_count": 18,
     "metadata": {},
     "output_type": "execute_result"
    }
   ],
   "source": [
    "array_08 = np.ones(20) * 4\n",
    "array_08"
   ]
  },
  {
   "cell_type": "markdown",
   "id": "989b4591",
   "metadata": {},
   "source": [
    "### Question 09\n",
    "Create numbers from 0 to 20."
   ]
  },
  {
   "cell_type": "code",
   "execution_count": 21,
   "id": "97c48d12",
   "metadata": {},
   "outputs": [
    {
     "data": {
      "text/plain": [
       "array([ 0,  1,  2,  3,  4,  5,  6,  7,  8,  9, 10, 11, 12, 13, 14, 15, 16,\n",
       "       17, 18, 19])"
      ]
     },
     "execution_count": 21,
     "metadata": {},
     "output_type": "execute_result"
    }
   ],
   "source": [
    "array_09 = np.arange(20)\n",
    "array_09"
   ]
  },
  {
   "cell_type": "markdown",
   "id": "660ad8a4",
   "metadata": {},
   "source": [
    "### Question 10\n",
    "Create 24 random numbers between 0 and 1.\n",
    "Then, Reshape it into matrix with 6 rows."
   ]
  },
  {
   "cell_type": "code",
   "execution_count": 54,
   "id": "d4308e2d",
   "metadata": {},
   "outputs": [
    {
     "data": {
      "text/plain": [
       "array([[0.18285329, 0.62938146, 0.13261583, 0.75568472],\n",
       "       [0.88485049, 0.23583134, 0.65380431, 0.62624571],\n",
       "       [0.4048349 , 0.41375503, 0.3691661 , 0.68279629],\n",
       "       [0.27698137, 0.71162624, 0.9014173 , 0.37691186],\n",
       "       [0.5891944 , 0.29362513, 0.95119487, 0.88478897],\n",
       "       [0.42459177, 0.30707027, 0.75546325, 0.92579665]])"
      ]
     },
     "execution_count": 54,
     "metadata": {},
     "output_type": "execute_result"
    }
   ],
   "source": [
    "array_10 = np.random.uniform(0,1,24)\n",
    "array_10 = array_10.reshape(6,4)\n",
    "array_10"
   ]
  },
  {
   "cell_type": "markdown",
   "id": "9b3189ca",
   "metadata": {},
   "source": [
    "### Question 11\n",
    "Convert array_08 to String type."
   ]
  },
  {
   "cell_type": "code",
   "execution_count": 36,
   "id": "7e4f76af",
   "metadata": {},
   "outputs": [
    {
     "data": {
      "text/plain": [
       "array(['4.0', '4.0', '4.0', '4.0', '4.0', '4.0', '4.0', '4.0', '4.0',\n",
       "       '4.0', '4.0', '4.0', '4.0', '4.0', '4.0', '4.0', '4.0', '4.0',\n",
       "       '4.0', '4.0'], dtype='<U32')"
      ]
     },
     "execution_count": 36,
     "metadata": {},
     "output_type": "execute_result"
    }
   ],
   "source": [
    "array_11 = array_08.astype(dtype=str)\n",
    "array_11"
   ]
  },
  {
   "cell_type": "markdown",
   "id": "434caeff",
   "metadata": {},
   "source": [
    "### Question 12\n",
    "Find sum of all rows in array_11"
   ]
  },
  {
   "cell_type": "code",
   "execution_count": 41,
   "id": "2d720f88",
   "metadata": {},
   "outputs": [
    {
     "name": "stdout",
     "output_type": "stream",
     "text": [
      "80.0\n"
     ]
    }
   ],
   "source": [
    "array_12 = array_11.astype(dtype=float)\n",
    "print(array_12.sum())"
   ]
  },
  {
   "cell_type": "markdown",
   "id": "8e591a99",
   "metadata": {},
   "source": [
    "### Question 13\n",
    "Find mean of elements of array_10 'in' each row."
   ]
  },
  {
   "cell_type": "code",
   "execution_count": 46,
   "id": "3f504719",
   "metadata": {},
   "outputs": [
    {
     "name": "stdout",
     "output_type": "stream",
     "text": [
      "[0.59434467 0.486428   0.67081447 0.58762755]\n"
     ]
    }
   ],
   "source": [
    "array_14 = array_10.astype(dtype=float)\n",
    "\n",
    "print(array_14.mean(axis = 0))"
   ]
  },
  {
   "cell_type": "markdown",
   "id": "0f5259a8",
   "metadata": {},
   "source": [
    "### Question 14\n",
    "Reverse the array_10."
   ]
  },
  {
   "cell_type": "code",
   "execution_count": 80,
   "id": "82019e67",
   "metadata": {},
   "outputs": [
    {
     "name": "stdout",
     "output_type": "stream",
     "text": [
      "[[0.92579665 0.75546325 0.42459177 0.30707027]\n",
      " [0.95119487 0.88478897 0.5891944  0.29362513]\n",
      " [0.9014173  0.71162624 0.37691186 0.27698137]\n",
      " [0.68279629 0.41375503 0.4048349  0.3691661 ]\n",
      " [0.88485049 0.65380431 0.62624571 0.23583134]\n",
      " [0.75568472 0.62938146 0.18285329 0.13261583]]\n"
     ]
    }
   ],
   "source": [
    "print(np.flip(array_10))"
   ]
  },
  {
   "cell_type": "markdown",
   "id": "cd8f3863",
   "metadata": {},
   "source": [
    "### Question 15\n",
    "Add array [1,2,3,4,5,6] to array_10."
   ]
  },
  {
   "cell_type": "code",
   "execution_count": 52,
   "id": "03d8a538",
   "metadata": {},
   "outputs": [
    {
     "name": "stdout",
     "output_type": "stream",
     "text": [
      "[[1.9993192  1.10488506 1.52719499 1.90733226]\n",
      " [2.97098265 2.33814635 2.53491217 2.45239264]\n",
      " [3.82837628 3.5907551  3.22690308 3.74982882]\n",
      " [4.10683511 4.98037564 4.99774765 4.44230391]\n",
      " [5.00442077 5.25626455 5.92583708 5.24039177]\n",
      " [6.65613404 6.64814132 6.81229188 6.73351592]]\n"
     ]
    }
   ],
   "source": [
    "array_15 = np.array([1,2,3,4,5,6]).reshape(6,1)\n",
    "print(array_10+array_15)"
   ]
  },
  {
   "cell_type": "markdown",
   "id": "4f9ad336",
   "metadata": {},
   "source": [
    "### Question 16\n",
    "Print odd column of array_10"
   ]
  },
  {
   "cell_type": "code",
   "execution_count": 57,
   "id": "a16165c2",
   "metadata": {},
   "outputs": [
    {
     "name": "stdout",
     "output_type": "stream",
     "text": [
      "[[0.18285329 0.62938146 0.13261583 0.75568472]\n",
      " [0.4048349  0.41375503 0.3691661  0.68279629]\n",
      " [0.5891944  0.29362513 0.95119487 0.88478897]]\n"
     ]
    }
   ],
   "source": [
    "print(array_10[::2])"
   ]
  },
  {
   "cell_type": "markdown",
   "id": "1050f31b",
   "metadata": {},
   "source": [
    "### Question 17\n",
    "Create 3x3 zeros matrix."
   ]
  },
  {
   "cell_type": "code",
   "execution_count": 58,
   "id": "a82ae6cd",
   "metadata": {},
   "outputs": [
    {
     "data": {
      "text/plain": [
       "array([[0., 0., 0.],\n",
       "       [0., 0., 0.],\n",
       "       [0., 0., 0.]])"
      ]
     },
     "execution_count": 58,
     "metadata": {},
     "output_type": "execute_result"
    }
   ],
   "source": [
    "array_17 = np.zeros((3,3))\n",
    "array_17"
   ]
  },
  {
   "cell_type": "markdown",
   "id": "923daa11",
   "metadata": {},
   "source": [
    "### Question 18\n",
    "Sort the array_10."
   ]
  },
  {
   "cell_type": "code",
   "execution_count": 62,
   "id": "c63b2ac1",
   "metadata": {},
   "outputs": [
    {
     "name": "stdout",
     "output_type": "stream",
     "text": [
      "[[0.13261583 0.18285329 0.62938146 0.75568472]\n",
      " [0.23583134 0.62624571 0.65380431 0.88485049]\n",
      " [0.3691661  0.4048349  0.41375503 0.68279629]\n",
      " [0.27698137 0.37691186 0.71162624 0.9014173 ]\n",
      " [0.29362513 0.5891944  0.88478897 0.95119487]\n",
      " [0.30707027 0.42459177 0.75546325 0.92579665]]\n"
     ]
    }
   ],
   "source": [
    "\n",
    "print(np.sort(array_10))"
   ]
  },
  {
   "cell_type": "markdown",
   "id": "27e464a0",
   "metadata": {},
   "source": [
    "### Question 19\n",
    "Transpose the array_10 "
   ]
  },
  {
   "cell_type": "code",
   "execution_count": 63,
   "id": "e4069e31",
   "metadata": {},
   "outputs": [
    {
     "name": "stdout",
     "output_type": "stream",
     "text": [
      "[[0.13261583 0.23583134 0.3691661  0.27698137 0.29362513 0.30707027]\n",
      " [0.18285329 0.62624571 0.4048349  0.37691186 0.5891944  0.42459177]\n",
      " [0.62938146 0.65380431 0.41375503 0.71162624 0.88478897 0.75546325]\n",
      " [0.75568472 0.88485049 0.68279629 0.9014173  0.95119487 0.92579665]]\n"
     ]
    }
   ],
   "source": [
    "print(array_10.T)"
   ]
  },
  {
   "cell_type": "markdown",
   "id": "f0dc0f93",
   "metadata": {},
   "source": [
    "### Question 20\n",
    "Create even numbers from 11 to 56."
   ]
  },
  {
   "cell_type": "code",
   "execution_count": 76,
   "id": "b03ef542",
   "metadata": {},
   "outputs": [
    {
     "data": {
      "text/plain": [
       "array([12, 14, 16, 18, 20, 22, 24, 26, 28, 30, 32, 34, 36, 38, 40, 42, 44,\n",
       "       46, 48, 50, 52, 54])"
      ]
     },
     "execution_count": 76,
     "metadata": {},
     "output_type": "execute_result"
    }
   ],
   "source": [
    "array_20 = np.arange(11,56)\n",
    "even_number=[x for x in array_20 if x % 2==0]\n",
    "even_number=np.array(even_number)\n",
    "even_number"
   ]
  }
 ],
 "metadata": {
  "kernelspec": {
   "display_name": "Python 3",
   "language": "python",
   "name": "python3"
  },
  "language_info": {
   "codemirror_mode": {
    "name": "ipython",
    "version": 3
   },
   "file_extension": ".py",
   "mimetype": "text/x-python",
   "name": "python",
   "nbconvert_exporter": "python",
   "pygments_lexer": "ipython3",
   "version": "3.14.0"
  }
 },
 "nbformat": 4,
 "nbformat_minor": 5
}
